1,17
2,29
3,30
4,32
5,34
6,37
7,40
8,44
9,49
10,50
11,52
12,64
13,67
14,69
15,71
16,89
17,89
18,92
19,101
20,106
21,125
22,134
23,134
24,136
25,150
26,179
27,192
28,198
29,203
30,208
31,214
32,218
33,229
34,286
35,288
36,297
37,313
38,329
39,337
40,345
41,363
42,378
43,394
44,396
45,404
46,411
47,432
48,450
49,457
50,480
51,484
52,497
53,500
54,521
55,526
56,540
57,551
58,559
59,560
60,570
61,578
62,579
63,592
64,596
65,597
66,603
67,613
68,620
69,633
70,657
71,666
72,678
73,680
74,681
75,705
76,721
77,738
78,739
79,754
80,760
81,775
82,779
83,797
84,798
85,830
86,849
87,877
88,892
89,916
90,929
91,929
92,933
93,937
94,942
95,943
96,953
97,958
98,968
99,983
100,991
101,1002
102,1005
103,1010
104,1013
105,1021
106,1028
107,1063
108,1064
109,1066
110,1080
111,1111
112,1117
113,1118
114,1119
115,1126
116,1134
117,1150
118,1157
119,1165
120,1182
121,1193
122,1208
123,1216
124,1246
125,1256
126,1258
127,1262
128,1265
129,1274
130,1275
131,1286
132,1305
133,1313
134,1317
135,1319
136,1342
137,1350
138,1357
139,1357
140,1359
141,1387
142,1389
143,1392
144,1395
145,1408
146,1412
147,1471
148,1471
149,1472
150,1477
151,1481
152,1489
153,1506
154,1519
155,1520
156,1528
157,1528
158,1530
159,1536
160,1548
161,1550
162,1550
163,1551
164,1553
165,1554
166,1555
167,1557
168,1572
169,1580
170,1583
171,1599
172,1608
173,1627
174,1628
175,1652
176,1668
177,1677
178,1683
179,1683
180,1683
181,1690
182,1704
183,1707
184,1709
185,1713
186,1727
187,1732
188,1735
189,1740
190,1750
191,1752
192,1758
193,1767
194,1785
195,1805
196,1821
197,1832
198,1833
199,1839
200,1847
201,1849
202,1874
203,1879
204,1888
205,1892
206,1892
207,1896
208,1900
209,1912
210,1913
211,1918
212,1939
213,1949
214,1977
215,1980
216,2000
217,2003
218,2010
219,2018
220,2021
221,2022
222,2027
223,2047
224,2050
225,2061
226,2062
227,2065
228,2068
229,2071
230,2076
231,2090
232,2093
233,2100
234,2101
235,2104
236,2107
237,2117
238,2122
239,2148
240,2154
241,2159
242,2171
243,2192
244,2194
245,2212
246,2218
247,2223
248,2224
249,2226
250,2273
251,2277
252,2283
253,2285
254,2295
255,2319
256,2332
257,2337
258,2354
259,2356
260,2362
261,2372
262,2372
263,2387
264,2394
265,2405
266,2435
267,2435
268,2436
269,2441
270,2444
271,2448
272,2459
273,2461
274,2471
275,2474
276,2477
277,2488
278,2504
279,2509
280,2515
281,2529
282,2535
283,2561
284,2573
285,2575
286,2597
287,2601
288,2611
289,2617
290,2618
291,2663
292,2676
293,2685
294,2692
295,2698
296,2700
297,2708
298,2728
299,2728
300,2733
301,2740
302,2745
303,2758
304,2771
305,2795
306,2812
307,2844
308,2853
309,2864
310,2865
311,2874
312,2874
313,2881
314,2883
315,2888
316,2903
317,2907
318,2922
319,2923
320,2923
321,2946
322,2950
323,2958
324,2961
325,2970
326,2971
327,2971
328,2980
329,2981
330,2991
331,3010
332,3010
333,3011
334,3012
335,3012
